[[[ 0.0000000e+00  0.0000000e+00]
  [ 0.0000000e+00  0.0000000e+00]
  [ 3.0517578e-05  0.0000000e+00]
  ...
  [ 0.0000000e+00 -1.5258789e-05]
  [ 3.0517578e-05  0.0000000e+00]
  [ 0.0000000e+00  0.0000000e+00]]

 [[ 0.0000000e+00  0.0000000e+00]
  [ 1.3732910e-04  0.0000000e+00]
  [ 1.2207031e-04  0.0000000e+00]
  ...
  [ 0.0000000e+00 -3.0517578e-05]
  [-2.4414062e-04  0.0000000e+00]
  [ 0.0000000e+00  1.2207031e-04]]

 [[ 0.0000000e+00 -1.2207031e-04]
  [ 0.0000000e+00  1.2207031e-04]
  [ 3.8146973e-06  0.0000000e+00]
  ...
  [ 3.0517578e-05  0.0000000e+00]
  [ 0.0000000e+00  0.0000000e+00]
  [ 0.0000000e+00  6.1035156e-05]]

 ...

 [[-1.2207031e-04  0.0000000e+00]
  [ 2.4414062e-04  9.1552734e-05]
  [ 0.0000000e+00  6.1035156e-05]
  ...
  [-6.1035156e-05 -3.0517578e-05]
  [-6.1035156e-05  0.0000000e+00]
  [ 3.0517578e-05  0.0000000e+00]]

 [[-2.4414062e-04  0.0000000e+00]
  [ 0.0000000e+00 -6.1035156e-05]
  [ 0.0000000e+00  0.0000000e+00]
  ...
  [-6.1035156e-05  6.1035156e-05]
  [ 3.8146973e-06  0.0000000e+00]
  [ 0.0000000e+00 -1.2207031e-04]]

 [[ 0.0000000e+00  2.4414062e-04]
  [ 0.0000000e+00 -1.2207031e-04]
  [-2.4414062e-04  0.0000000e+00]
  ...
  [ 0.0000000e+00 -3.0517578e-05]
  [ 1.2207031e-04  0.0000000e+00]
  [ 1.3732910e-04  0.0000000e+00]]]