[[[525681.           0.     ]
  [-15187.946    28870.785  ]
  [  1219.9965    6091.6753 ]
  ...
  [ -3200.984    -2627.7695 ]
  [  1219.9965   -6091.6753 ]
  [-15187.946   -28870.785  ]]

 [[-21320.443   -25643.387  ]
  [  3786.1309   25406.06   ]
  [  8200.757   -14386.161  ]
  ...
  [  3962.5264    3406.6025 ]
  [-17100.285   -20477.996  ]
  [ 42131.66     -1034.3604 ]]

 [[ 29838.03    -16756.504  ]
  [-18605.71      9330.937  ]
  [  -830.4744   -3227.1377 ]
  ...
  [ -3431.362    17274.562  ]
  [ 13769.455    -3774.3948 ]
  [-12955.234     6176.5166 ]]

 ...

 [[-12085.258   -16686.885  ]
  [ 17629.617    -1421.5731 ]
  [ -7261.338     6932.986  ]
  ...
  [  5715.067      665.44836]
  [  -664.26373  -6804.924  ]
  [ -3792.3145   10617.99   ]]

 [[ 29838.03     16756.504  ]
  [-12955.234    -6176.5166 ]
  [ 13769.455     3774.3948 ]
  ...
  [ -1538.3693  -10213.73   ]
  [  -830.4744    3227.1377 ]
  [-18605.71     -9330.937  ]]

 [[-21320.443    25643.387  ]
  [ 42131.66      1034.3604 ]
  [-17100.285    20477.996  ]
  ...
  [  3794.929    -2678.073  ]
  [  8200.757    14386.161  ]
  [  3786.1309  -25406.06   ]]]