[[[525681.           0.     ]
  [-15187.945    28870.785  ]
  [  1219.9963    6091.6753 ]
  ...
  [ -3200.9834   -2627.7693 ]
  [  1219.9963   -6091.6753 ]
  [-15187.945   -28870.785  ]]

 [[-21320.441   -25643.387  ]
  [  3786.1304   25406.059  ]
  [  8200.757   -14386.159  ]
  ...
  [  3962.5261    3406.6025 ]
  [-17100.285   -20477.994  ]
  [ 42131.66     -1034.3601 ]]

 [[ 29838.03    -16756.504  ]
  [-18605.709     9330.936  ]
  [  -830.47455  -3227.1377 ]
  ...
  [ -3431.3618   17274.562  ]
  [ 13769.453    -3774.3945 ]
  [-12955.234     6176.5166 ]]

 ...

 [[-12085.258   -16686.885  ]
  [ 17629.615    -1421.5737 ]
  [ -7261.338     6932.9863 ]
  ...
  [  5715.0664     665.4481 ]
  [  -664.26404  -6804.924  ]
  [ -3792.3152   10617.99   ]]

 [[ 29838.027    16756.504  ]
  [-12955.234    -6176.5166 ]
  [ 13769.453     3774.3945 ]
  ...
  [ -1538.3694  -10213.73   ]
  [  -830.47455   3227.1377 ]
  [-18605.709    -9330.936  ]]

 [[-21320.441    25643.387  ]
  [ 42131.66      1034.3601 ]
  [-17100.285    20477.994  ]
  ...
  [  3794.9287   -2678.0728 ]
  [  8200.757    14386.159  ]
  [  3786.1304  -25406.059  ]]]